,0
0,4.158122995513647
1,4.213122995513647
2,4.448122995513646
3,4.7381229955136455
4,4.388122995513648
5,3.9281229955136467
6,1.9831229955136465
7,1.9181229955136452
8,1.753122995513646
9,2.3931229955136466
10,1.1781229955136467
11,0.8381229955136469
12,0.6631229955136462
13,1.2081229955136443
14,0.373122995513647
15,-0.016877004486353542
16,0.5331229955136472
17,-0.08687700448635383
18,-0.26687700448635354
19,-0.036877004486353115
20,-0.4568770044863548
21,-0.05687700448635269
22,-0.5268770044863551
23,-0.5268770044863551
24,-0.251877004486353
25,0.4031229955136446
26,1.2131229955136469
27,0.7831229955136472
28,0.4031229955136446
29,0.8631229955136455
30,0.3231229955136463
31,0.4431229955136473
32,-0.14687700448635255
33,-0.16687700448635567
34,-0.04687700448635468
35,-0.20687700448635482
36,-0.6768770044863537
37,-0.3068770044863527
38,-0.4768770044863544
39,-0.18687700448635525
40,-0.7968770044863547
41,-0.9568770044863548
42,-0.3568770044863534
43,0.9231229955136477
44,1.1131229955136455
45,2.1831229955136457
46,2.293122995513645
47,2.5731229955136463
48,2.503122995513646
49,2.8231229955136463
50,1.5431229955136452
51,1.7431229955136445
52,1.503122995513646
53,1.2931229955136452
54,0.9231229955136477
55,0.4631229955136469
56,0.6031229955136475
57,1.973122995513645
58,1.9831229955136465
59,1.343122995513646
60,1.4241229955136454
61,1.8331229955136443
62,0.8231229955136463
63,0.8431229955136459
64,0.4531229955136453
65,1.003122995513646
66,0.8631229955136455
67,1.1731229955136477
68,1.753122995513646
69,1.4631229955136469
70,1.9931229955136445
71,1.973122995513645
72,1.7431229955136445
73,1.4631229955136469
74,1.9931229955136445
75,2.062122995513647
76,1.8131229955136448
77,1.9631229955136469
78,2.383122995513645
79,2.1131229955136455
80,2.633122995513645
81,2.2431229955136445
82,2.003122995513646
83,2.6031229955136475
84,2.463122995513647
85,2.2431229955136445
86,1.883122995513645
87,2.043122995513645
88,1.8231229955136463
89,1.0531229955136467
90,0.883122995513645
91,0.28312299551364717
92,0.4131229955136462
93,0.4731229955136449
94,1.0431229955136452
95,0.6631229955136462
96,0.6531229955136446
97,0.8631229955136455
98,0.8921229955136454
99,1.133122995513645
100,1.123122995513647
101,0.3431229955136459
102,-0.07687700448635226
103,0.003122995513646032
104,0.9331229955136457
105,1.133122995513645
106,1.2431229955136445
107,0.9031229955136446
108,1.6431229955136466
109,2.2121229955136457
110,2.3231229955136463
111,2.3231229955136463
112,2.5831229955136443
113,2.033122995513647
114,1.9531229955136453
115,1.5131229955136476
116,2.003122995513646
117,1.883122995513645
118,1.8931229955136466
119,2.4031229955136446
120,3.133122995513645
121,2.753122995513646
122,3.6731229955136477
123,3.9531229955136453
124,3.723122995513645
125,3.163122995513646
126,3.562122995513647
127,3.6531229955136446
128,3.5231229955136456
129,3.7731229955136456
130,2.9431229955136473
131,3.1431229955136466
132,2.293122995513645
133,2.633122995513645
134,2.7031229955136453
135,2.253122995513646
136,3.1431229955136466
137,2.8631229955136455
138,2.723122995513645
139,2.4831229955136465
140,2.663122995513646
141,2.4231229955136477
142,2.4331229955136457
143,1.9131229955136462
144,1.9031229955136446
145,1.9631229955136469
146,1.8331229955136443
147,1.8631229955136455
148,1.9831229955136465
149,1.8531229955136475
150,1.883122995513645
151,1.7931229955136452
152,1.9531229955136453
153,2.873122995513647
154,2.7031229955136453
155,2.4931229955136445
156,2.473122995513645
157,2.753122995513646
158,2.8231229955136463
159,2.6731229955136477
160,2.7631229955136476
161,1.4536644463937378
162,2.19366444639374
163,3.233664446393739
164,3.363664446393738
165,3.413301370469174
166,3.873301370469175
167,3.403301370469176
168,2.583301370469176
169,2.873301370469175
170,3.373301370469175
171,3.3933013704691746
172,3.9333013704691737
173,3.533301370469175
174,4.533301370469175
175,4.993301370469176
176,4.103301370469175
177,4.633301370469177
178,3.493301370469176
179,3.2733013704691736
180,3.2233013704691764
181,0.36421196052121374
182,-0.6657880394787838
183,0.05421196052121502
184,0.034211960521215445
185,0.6142119605212137
186,0.7242119605212167
187,0.674211960521216
188,0.35421196052121573
189,0.4742119605212167
190,0.4442119605212156
191,0.3142119605212166
192,0.21421196052121516
193,0.6042119605212157
194,0.7642119605212159
195,0.46421196052121516
196,0.8842119605212169
197,0.887211960521217
198,0.424211960521216
199,0.42054140799917406
200,-1.8794585920008267
201,-0.19796720303956405
202,0.09203279696043509
203,-0.36796720303956576
204,-0.9879672030395632
205,-0.9679672030395636
206,-0.4279672030395645
207,-1.037967203039564
208,-1.0079672030395628
209,-0.8779672030395638
210,-1.0079672030395628
211,-1.106967203039563
212,-1.3079672030395635
213,-1.1279672030395638
214,-1.3992419523285875
215,-1.5892419523285888
216,-1.9392419523285902
217,-1.9392419523285902
218,-1.7392419523285874
219,-1.9892419523285874
220,-1.9792419523285893
221,-1.3592419523285884
222,-1.6892419523285902
223,-4.111949978315248
224,-3.851949978315247
225,-3.721949978315248
226,-3.9019499783152476
227,-3.891949978315246
228,-3.3619499783152484
229,-3.5819499783152473
230,-3.3219499783152493
231,-3.1819499783152487
232,-2.971949978315248
233,-2.9519499783152483
234,-2.911949978315249
235,-2.8219499783152493
236,-2.501949978315249
237,-2.5219499783152486
238,-2.161949978315249
239,-2.2019499783152483
240,-2.381949978315248
241,-2.411949978315249
242,-2.5219499783152486
243,-18.027640476395128
244,-17.777640476395128
245,-17.71764047639513
246,-17.867640476395128
247,-17.78764047639513
248,-17.097640476395128
249,-16.99764047639513
250,-17.027640476395128
251,-17.07764047639513
252,-17.57764047639513
253,-17.66764047639513
254,-17.80764047639513
255,-17.53764047639513
256,-17.69764047639513
257,-17.42764047639513
258,-17.137640476395127
259,-16.937640476395128
260,-17.32604410658514
261,-16.85604410658514
262,-16.53604410658514
263,-16.61290608395489
264,-17.15290608395489
265,-16.95290608395489
266,-17.21290608395489
267,-17.46290608395489
268,-17.57290608395489
269,-17.85290608395489
270,-17.90290608395489
271,-17.760493700355454
272,-17.940493700355454
273,-17.820493700355453
274,-17.690493700355454
275,-17.890493700355453
276,-18.250493700355452
277,-17.850493700355454
278,-18.070493700355453
279,-18.38049370035545
280,-18.270493700355452
281,-18.230493700355453
282,-17.960493700355453
283,-7.324225254719412
284,-7.524225254719411
285,-7.49422525471941
286,-7.324225254719412
287,-7.634225254719411
288,-7.65422525471941
289,-7.65422525471941
290,-7.67422525471941
291,-8.194225254719413
292,-8.304225254719412
293,-8.65422525471941
294,-8.934225254719411
295,-8.644225254719412
296,-8.864225254719411
297,-8.844225254719412
298,-8.894225254719412
299,-9.13422525471941
300,-9.394225254719412
301,-9.524225254719411
302,-9.874225254719413
303,-9.614225254719411
304,-7.826438695598458
305,-7.9864386955984585
306,-7.706438695598461
307,-7.81643869559846
308,-8.08643869559846
309,-7.936438695598461
310,-7.166438695598458
311,-7.065438695598459
312,-7.216438695598459
313,-7.42643869559846
314,-7.536438695598459
315,-7.40643869559846
316,-7.56643869559846
317,-7.506438695598458
318,-7.80143869559846
319,-7.8564386955984595
320,-7.4864386955984585
321,-7.686438695598461
322,-7.56643869559846
323,-7.119722693534268
324,-5.529722693534268
325,-5.8297226935342685
326,-10.766473489699244
327,-11.426473489699244
328,-11.506473489699243
329,-11.856473489699244
330,-11.574212989732828
331,-11.594212989732831
332,-11.624212989732829
333,-11.804212989732829
334,-12.144212989732829
335,-11.99421298973283
336,-11.984212989732828
337,-11.984212989732828
338,-11.824212989732828
339,-12.06421298973283
340,-12.38421298973283
341,-12.094212989732831
342,-12.304212989732829
343,-12.19421298973283
344,-12.03421298973283
345,-12.164212989732828
346,-11.824212989732828
347,-9.13430630424628
348,-9.08430630424628
349,-9.04430630424628
350,-9.164306304246281
351,-9.144306304246282
352,-9.38430630424628
353,-9.324306304246281
354,-8.844306304246281
355,-8.67430630424628
356,-8.804306304246282
357,-8.504306304246281
358,-8.374306304246282
359,-7.86930630424628
360,-7.9543063042462805
361,-7.505306304246282
362,-6.924306304246279
363,-6.924306304246279
364,-6.984306304246282
365,-6.97430630424628
366,-6.88430630424628
367,-10.121456445324881
368,-10.41145644532488
369,-10.191456445324881
370,-10.131456445324883
371,-10.061456445324882
372,-10.121456445324881
373,-10.671456445324882
374,-10.59145644532488
375,-11.051456445324881
376,-10.831456445324882
377,-10.801456445324881
378,-11.09145644532488
379,-10.561456445324882
380,-10.82145644532488
381,-11.211456445324881
382,-10.741456445324882
383,-10.371456445324881
384,-9.831456445324882
385,-9.4517015244055
386,-10.4217015244055
387,-9.7917015244055
388,-10.011701524405499
389,-3.7168185360378345
390,-3.8168185360378324
391,-3.8068185360378344
392,-3.7768185360378332
393,-4.2268185360378325
394,-4.236818536037834
395,-4.766818536037832
396,-5.156818536037832
397,-5.116818536037833
398,-4.576818536037834
399,-4.886818536037833
400,-5.416818536037834
401,-5.276818536037833
402,-5.206818536037833
403,-5.246818536037832
404,-4.836818536037832
405,-5.176818536037832
406,-5.0968185360378335
407,-5.056818536037834
408,-5.056818536037834
409,-4.746818536037832
410,-4.8568185360378315
411,-4.836818536037832
412,-3.6889496875491226
413,-3.6889496875491226
414,-3.568439670099572
415,-3.3384396700995715
416,-3.848439670099573
417,-3.598439670099573
418,-3.698439670099571
419,-3.6784396700995714
420,-3.468439670099574
421,-3.7084396700995725
422,-3.5184396700995713
423,-3.7684396700995713
424,-3.698439670099571
425,-3.448439670099571
426,-3.448439670099571
427,-3.698439670099571
428,-3.8384396700995715
429,-3.608439670099571
430,-3.6684396700995734
431,0.9284760552401394
432,1.0084760552401377
433,1.3184760552401364
434,1.3884760552401367
435,1.9884760552401382
436,1.8584760552401391
437,2.118476055240137
438,2.2684760552401393
439,1.9084760552401399
440,1.7284760552401366
441,1.7984760552401369
442,1.7684760552401393
443,1.7684760552401393
444,1.5384760552401389
445,1.7284760552401366
446,2.1484760552401383
447,1.9184760552401379
448,2.4374760552401398
449,2.279853292670335
450,1.459853292670335
451,1.3498532926703355
452,1.619853292670335
453,0.16886376387439128
454,0.028863763874394266
455,-0.011136236125608434
456,0.098863763874391
457,0.25886376387439114
458,0.48886376387439157
459,1.0188637638743927
460,1.3288637638743914
461,1.2988637638743938
462,1.8058247046409868
463,1.7658247046409876
464,2.0158247046409876
465,2.005824704640986
466,-0.5741752953590122
467,-0.8441752953590118
468,-0.7941752953590111
469,-0.8941752953590125
470,-1.1041752953590134
471,-1.3141752953590142
472,-1.4341752953590117
473,-1.3241752953590122
474,-12.873268779424471
475,-12.703268779424473
476,-12.663268779424474
477,-12.223268779424473
478,-12.383268779424473
479,-12.243268779424472
480,-12.143268779424474
481,-12.403268779424472
482,-12.113268779424473
483,-12.243268779424472
484,-12.393268779424474
485,-12.223268779424473
486,-12.243268779424472
487,-12.363268779424473
488,-12.313268779424472
489,-12.513268779424472
490,-12.523268779424473
491,-12.403268779424472
492,-12.503268779424474
493,-12.463268779424471
494,-12.623268779424471
495,-2.4391320643521617
496,-2.4891320643521624
497,-2.6291320643521594
498,-2.669132064352162
499,-2.6491320643521625
500,-2.549132064352161
501,-2.60913206435216
502,-2.639132064352161
503,-2.7191320643521593
504,-2.5891320643521603
505,-2.6591320643521605
506,-2.60913206435216
507,-3.1191320643521614
508,-3.26913206435216
509,-3.0691320643521607
510,-3.4091320643521605
511,-3.5291320643521615
512,-3.7391320643521624
513,-3.7191320643521593
514,-3.3691320643521614
515,-3.3791320643521594
516,9.432710502473022
517,9.502710502473022
518,9.602710502473023
519,9.712710502473023
520,9.782710502473023
521,9.502710502473022
522,9.642710502473022
523,9.482710502473022
524,9.56271050247302
525,9.392710502473022
526,9.38271050247302
527,9.292710502473021
528,9.332710502473024
529,9.252710502473022
530,9.112710502473021
531,8.97271050247302
532,8.802710502473023
533,8.552710502473023
534,8.522710502473021
535,8.692710502473023
536,8.572710502473022
537,7.771604801709852
538,7.891604801709853
539,7.871604801709854
540,7.781604801709854
541,7.781604801709854
542,8.081604801709851
543,8.01160480170985
544,7.921604801709851
545,8.041604801709852
546,7.701604801709852
547,7.7216048017098515
548,7.521604801709852
549,7.241604801709851
550,7.151604801709851
551,6.921604801709851
552,6.811604801709851
553,6.6016048017098505
554,6.791604801709852
555,6.891604801709853
556,5.977605760103337
557,5.69760576010334
558,5.937605760103338
559,5.94760576010334
560,5.897605760103339
561,6.007605760103338
562,6.247605760103337
563,6.44760576010334
564,6.877605760103339
565,6.717605760103339
566,6.747605760103337
567,7.097605760103338
568,6.817605760103337
569,6.617605760103338
570,6.237605760103339
571,6.4276057601033365
572,6.407605760103337
573,6.097605760103338
574,7.057605760103339
575,6.757605760103338
576,6.767605760103336
577,6.5376057601033395
578,6.712731801582844
579,6.0443875657052715
580,6.894387565705273
581,6.824387565705273
582,6.954387565705272
583,6.804387565705273
584,6.824387565705273
585,6.814387565705271
586,6.704387565705272
587,6.494387565705271
588,6.504387565705272
589,6.594387565705272
590,6.894387565705273
591,7.084387565705271
592,7.054387565705273
593,7.2943875657052715
594,7.514387565705274
595,7.334387565705271
596,7.444387565705274
597,7.344387565705272
598,11.29598338947027
599,11.485983389470269
600,11.65598338947027
601,11.38598338947027
602,11.42598338947027
603,11.375983389470269
604,11.01598338947027
605,10.955983389470271
606,11.095983389470272
607,10.985983389470269
608,11.095983389470272
609,11.01598338947027
610,10.895983389470269
611,10.94598338947027
612,10.845983389470272
613,10.625983389470269
614,10.625983389470269
615,10.69598338947027
616,10.735983389470269
617,10.65598338947027
618,10.895983389470269
619,10.625983389470269
620,4.770273629620267
621,4.790273629620266
622,4.810273629620266
623,4.560273629620266
624,4.430273629620267
625,4.700273629620266
626,4.420273629620265
627,4.370273629620264
628,4.810273629620266
629,5.010273629620265
630,5.330273629620265
631,5.380273629620266
632,5.690273629620265
633,5.510273629620265
634,5.270273629620267
635,5.880273629620266
636,5.910273629620267
637,5.981612771113035
638,5.221612771113033
639,5.231612771113035
640,5.081612771113033
641,11.828507822879354
642,11.858507822879355
643,11.718507822879355
644,12.028507822879357
645,12.918507822879354
646,13.358507822879355
647,13.428507822879356
648,13.868507822879357
649,13.238507822879354
650,13.458507822879357
651,13.058507822879355
652,13.378507822879355
653,13.158507822879356
654,13.238507822879354
655,12.848507822879354
656,13.058507822879355
657,12.928507822879356
658,12.828507822879354
659,13.018507822879355
660,12.978507822879356
661,12.918507822879354
662,4.042843034705445
663,3.988649600441459
664,4.168649600441459
665,4.19864960044146
666,4.398649600441459
667,4.218649600441459
668,4.03864960044146
669,4.01864960044146
670,3.8686496004414614
671,3.6286496004414595
672,3.5986496004414583
673,3.6286496004414595
674,3.4986496004414604
675,3.3286496004414587
676,3.2886496004414596
677,3.0886496004414603
678,3.01864960044146
679,2.85864960044146
680,2.5086496004414585
681,2.35864960044146
682,2.2886496004414596
683,2.2886496004414596
684,-2.3793976089241973
685,-2.0493976089241954
686,-1.7793976089241959
687,-1.9893976089241967
688,-2.219397608924197
689,-2.7393976089241967
690,-3.0493976089241954
691,-2.9893976089241967
692,-3.1293976089241973
693,-3.2593976089241963
694,-3.309397608924197
695,-3.4193976089241964
696,-3.1293976089241973
697,-3.0493976089241954
698,-3.189397608924196
699,-3.149397608924197
700,-2.6293976089241973
701,-2.929397608924198
702,-2.939397608924196
703,-2.6193976089241957
704,-2.689397608924196
705,5.285463453877163
706,4.898761667651726
707,5.578761667651726
708,5.748761667651724
709,6.008761667651726
710,6.508761667651726
711,6.488761667651726
712,6.708761667651725
713,7.058761667651726
714,7.097761667651724
715,7.008761667651726
716,7.138761667651725
717,7.328761667651726
718,7.398761667651726
719,7.548761667651725
720,7.788761667651723
721,8.018761667651724
722,8.118761667651725
723,8.208761667651725
724,7.958761667651725
725,7.9687616676517266
726,7.808761667651726
727,7.798761667651725
728,1.0471085077972262
729,1.0471085077972262
730,1.257108507797227
731,1.377108507797228
732,1.217108507797228
733,1.0571085077972278
734,1.1171085077972265
735,1.0571085077972278
736,1.0771085077972273
737,0.8171085077972258
738,0.4971085077972255
739,0.45710850779722634
740,0.2871085077972282
741,0.26710850779722506
742,0.19710850779722477
743,0.2271085077972259
744,0.0971085077972269
745,-0.04289149220277366
746,0.007108507797227048
747,-0.17289149220277267
748,-0.5000828430879452
749,-0.6200828430879461
750,-0.7400828430879471
751,-0.05008284308794586
752,0.07991715691205314
753,0.09991715691205272
754,0.019917156912054423
755,-0.030082843087946287
756,0.10991715691205428
757,0.39991715691205343
758,0.24991715691205485
759,0.29991715691205556
760,0.09991715691205272
761,-0.060082843087947424
762,0.12991715691205385
763,-0.4800828430879456
764,-0.5400828430879443
765,-0.6100828430879446
766,-0.49008284308794714
767,6.970614211099086
768,8.260614211099085
769,8.470614211099086
770,8.620614211099085
771,8.510614211099085
772,8.150614211099086
773,8.010614211099085
774,7.640614211099088
775,7.410614211099087
776,7.380614211099086
777,7.130614211099086
778,7.160614211099087
779,6.860614211099087
780,7.120614211099085
781,7.350614211099085
782,7.280614211099085
783,7.170614211099085
784,7.010614211099085
785,7.190614211099085
786,7.130614211099086
787,7.100614211099085
788,7.520614211099087
789,16.48640346908792
790,16.75640346908792
791,16.58640346908792
792,16.54640346908792
793,16.52640346908792
794,16.67640346908792
795,16.86640346908792
796,16.61640346908792
797,16.786403469087922
798,16.72640346908792
799,16.84640346908792
800,16.97640346908792
801,16.88640346908792
802,17.11640346908792
803,17.50640346908792
804,17.35640346908792
805,16.76640346908792
806,16.466403469087922
807,16.626403469087922
808,12.110197618080829
809,12.000197618080826
810,12.120197618080827
811,12.330197618080827
812,12.310197618080828
813,12.660197618080826
814,12.740197618080828
815,12.840197618080825
816,12.660197618080826
817,12.350197618080827
818,12.390197618080826
819,12.230197618080826
820,12.300197618080826
821,12.170197618080827
822,11.940197618080827
823,12.320197618080826
824,12.130197618080828
825,12.130197618080828
826,12.250197618080826
827,12.210197618080826
828,12.210197618080826
829,13.334971540806016
830,13.306632762985398
831,10.206632762985397
832,10.346632762985397
833,10.0666327629854
834,9.2266327629854
835,9.4966327629854
836,9.856632762985399
837,9.786632762985398
838,9.676632762985399
839,9.826632762985398
840,9.276632762985397
841,9.2266327629854
842,9.206632762985397
843,9.0666327629854
844,8.786632762985398
845,8.886632762985396
846,8.616632762985397
847,8.936632762985397
848,8.846632762985397
849,9.556632762985398
850,9.796632762985396
851,11.309581156854899
852,10.739581156854898
853,10.239581156854898
854,10.4095811568549
855,10.349581156854901
856,10.0895811568549
857,9.719581156854899
858,9.629581156854899
859,9.699581156854899
860,9.509581156854901
861,9.2995811568549
862,9.099581156854901
863,9.469581156854899
864,9.6595811568549
865,9.689581156854901
866,10.1395811568549
867,10.149581156854898
868,10.669581156854898
869,10.469581156854899
870,10.0895811568549
871,10.4095811568549
872,5.0171765918295606
873,5.317176591829561
874,5.62717659182956
875,5.457176591829562
876,5.85717659182956
877,5.5071765918295625
878,5.6371765918295615
879,5.457176591829562
880,5.657176591829561
881,5.2571765918295625
882,4.797176591829562
883,4.417176591829563
884,4.44717659182956
885,4.6371765918295615
886,4.8971765918295596
887,5.55717659182956
888,4.7603298202200435
889,5.780329820220043
890,5.910329820220042
891,6.130329820220041
892,6.280329820220043
893,5.780329820220043
894,2.606323325060494
895,2.4163233250604925
896,2.3463233250604922
897,2.6563233250604945
898,2.5663233250604947
899,2.646323325060493
900,2.5763233250604927
901,2.6963233250604937
902,2.796323325060495
903,2.8163233250604947
904,2.7863233250604935
905,2.886323325060495
906,2.976323325060495
907,3.056323325060493
908,3.056323325060493
909,4.146323325060493
910,4.476323325060495
911,3.976323325060495
912,4.0263233250604955
913,4.096323325060492
914,7.643430715938763
915,7.743430715938761
916,7.633430715938761
917,7.593430715938762
918,7.493430715938761
919,7.633430715938761
920,7.403430715938761
921,7.403430715938761
922,7.223430715938761
923,7.393430715938763
924,7.703430715938762
925,7.723430715938761
926,7.773430715938762
927,8.12343071593876
928,8.643430715938763
929,8.58343071593876
930,8.653430715938761
931,8.973430715938761
932,8.69343071593876
933,8.453430715938762
934,8.74343071593876
935,8.99343071593876
936,8.799207435532647
937,8.759207435532645
938,8.709207435532647
939,8.719207435532645
940,8.729207435532647
941,9.299207435532647
942,9.279207435532648
943,9.229207435532647
944,9.079207435532645
945,9.049207435532647
946,8.899207435532645
947,9.579207435532645
948,9.729207435532647
949,9.809207435532645
950,9.799207435532647
951,9.879207435532646
952,9.649207435532645
953,9.789207435532646
954,9.809207435532645
955,9.639207435532647
956,3.986190954506334
957,3.680943366399692
958,3.6709433663996904
959,3.8609433663996917
960,4.040943366399691
961,4.140943366399689
962,4.10094336639969
963,4.060943366399691
964,4.17094336639969
965,4.28094336639969
966,4.310943366399691
967,4.590943366399692
968,4.570943366399689
969,4.680943366399692
970,4.559443366399691
971,4.450943366399692
972,4.800943366399689
973,4.730943366399689
974,5.220943366399691
975,5.250943366399692
976,5.250943366399692
977,5.090943366399692
978,4.810943366399691
979,4.720943366399691
980,-6.984116260195329
981,-7.1941162601953295
982,-7.434116260195328
983,-7.224116260195331
984,-7.42411626019533
985,-7.5641162601953305
986,-7.7041162601953275
987,-7.15411626019533
988,-7.01411626019533
989,-7.124116260195329
990,-7.004116260195328
991,-6.484116260195329
992,-6.364116260195328
993,-6.664116260195328
994,-6.5641162601953305
995,-6.464116260195329
996,-6.5741162601953285
997,-6.914116260195328
998,-6.5641162601953305
999,-6.534116260195329
1000,-6.5741162601953285
1001,3.8631655988892604
1002,3.8631655988892604
1003,3.8131655988892597
1004,3.6431655988892615
1005,3.9331655988892607
1006,3.963165598889262
1007,3.663165598889261
1008,4.70316559888926
1009,5.213165598889262
1010,5.163165598889261
1011,5.103165598889262
1012,5.003165598889261
1013,5.11316559888926
1014,4.72316559888926
1015,4.743165598889259
1016,5.093165598889261
1017,2.870588169253651
1018,3.020588169253653
1019,2.9505881692536526
1020,2.900588169253652
1021,3.280588169253651
1022,2.98058816925365
1023,2.610588169253653
1024,2.030588169253651
1025,1.930588169253653
1026,1.7905881692536525
1027,1.680588169253653
1028,1.400588169253652
1029,1.3605881692536528
1030,1.430588169253653
1031,1.82058816925365
1032,1.8805881692536524
1033,1.16058816925365
1034,1.2505881692536498
1035,1.770588169253653
1036,1.810588169253652
1037,1.32058816925365
1038,1.4905881692536518
1039,7.99532932288664
1040,8.29532932288664
1041,8.215329322886639
1042,7.885329322886641
1043,7.67522932288664
1044,7.955329322886637
1045,7.735329322886638
1046,7.445329322886639
1047,7.40532932288664
1048,7.56532932288664
1049,6.845329322886638
1050,7.525329322886638
1051,7.40532932288664
1052,7.455329322886637
1053,7.955329322886637
1054,7.965329322886639
1055,8.645329322886639
1056,8.395329322886639
1057,8.145329322886639
1058,4.1970190716905655
1059,3.6970190716905655
1060,3.6170190716905672
1061,3.7270190716905667
1062,3.8470190716905677
1063,3.717019071690565
1064,3.8470190716905677
1065,4.477019071690567
1066,4.527019071690567
1067,4.547019071690567
1068,4.377019071690565
1069,4.087019071690566
1070,4.517019071690566
1071,4.587019071690566
1072,4.707019071690567
1073,4.827019071690568
1074,4.577019071690568
1075,4.667019071690568
1076,4.997019071690566
1077,4.757019071690568
1078,4.767019071690566
1079,3.8671973151966625
1080,3.38500990441549
1081,4.40500990441549
1082,4.22500990441549
1083,4.685009904415487
1084,4.895009904415488
1085,5.255009904415488
1086,4.8450099044154875
1087,4.99500990441549
1088,5.035009904415489
1089,5.06490990441549
1090,4.865009904415487
1091,5.175009904415489
1092,5.255009904415488
1093,5.185009904415487
1094,5.355009904415489
1095,5.265009904415489
1096,5.115009904415487
1097,5.3350099044154895
1098,4.97500990441549
1099,4.865009904415487
1100,4.464941991332854
1101,4.774941991332852
1102,5.084941991332851
1103,5.404941991332851
1104,4.985041991332853
1105,4.884941991332852
1106,5.009941991332852
1107,4.87494199133285
1108,4.584941991332851
1109,3.914941991332853
1110,4.344941991332853
1111,4.3149419913328515
1112,4.144941991332853
1113,4.6849419913328525
1114,4.8149419913328515
1115,4.78494199133285
1116,4.8049419913328535
1117,4.754941991332853
1118,4.3049419913328535
1119,4.514941991332851
1120,3.7849419913328504
1121,3.7849419913328504
1122,-0.12299466714379292
1123,0.2270053328562085
1124,0.1870053328562058
1125,-0.17299466714379363
1126,0.09700533285620594
1127,0.3770053328562071
1128,0.34700533285620594
1129,0.32700533285620637
1130,0.2270053328562085
1131,-0.3129946671437942
1132,-0.15299466714379406
1133,0.4270053328562078
1134,0.1770053328562078
1135,0.38700533285620864
1136,1.1369053328562089
1137,1.2770053328562092
1138,1.276647121255543
1139,0.9266471212555416
1140,0.9566471212555427
1141,0.5666471212555422
1142,4.299234522236908
1143,3.5692345222369077
1144,2.9793345222369076
1145,2.989234522236906
1146,2.5792345222369057
1147,2.889234522236908
1148,3.109234522236907
1149,2.53663687400374
1150,3.1165368740037387
1151,3.1265368740037403
1152,3.5765368740037395
1153,2.4965368740037412
1154,2.2865368740037404
1155,2.2065368740037385
1156,1.8465368740037391
1157,1.676536874003741
1158,1.3865368740037383
1159,1.8265368740037395
1160,1.836536874003741
1161,1.6465368740037398
1162,1.7965368740037384
1163,1.8765368740037403
1164,3.006009461578522
1165,2.6860094615785215
1166,2.1260094615785228
1167,2.786009461578523
1168,2.6460094615785223
1169,2.9260094615785235
1170,3.006009461578522
1171,2.6760094615785235
1172,3.106009461578523
1173,2.6360094615785243
1174,2.6760094615785235
1175,3.1260094615785228
1176,3.1260094615785228
1177,3.356009461578523
1178,3.236009461578522
1179,2.9210094615785245
1180,3.1260094615785228
1181,2.8660094615785248
1182,2.6161094615785245
1183,2.845909461578522
1184,3.2760094615785214
1185,7.509926892827497
1186,7.450026892827498
1187,7.440026892827497
1188,7.410026892827499
1189,7.720126892827498
1190,7.650026892827498
1191,7.402526892827499
1192,7.660026892827499
1193,7.790026892827498
1194,7.790026892827498
1195,8.0499268928275
1196,8.209343257091522
1197,7.889343257091522
1198,8.149343257091523
1199,8.01934325709152
1200,8.299343257091522
1201,9.05934325709152
1202,9.139343257091522
1203,8.149343257091523
1204,8.489343257091523
1205,8.87934325709152
1206,10.691146430132214
1207,11.38707807322309
1208,14.427078073223093
1209,13.967078073223092
1210,14.967078073223092
1211,16.207078073223094
1212,16.457078073223094
1213,16.457078073223094
1214,16.12707807322309
1215,15.807078073223089
1216,14.917078073223095
1217,14.137078073223094
1218,6.769435220608177
1219,6.419435220608182
1220,7.499435220608181
1221,6.9694352206081795
1222,6.799435220608178
1223,7.129435220608183
1224,6.999435220608181
1225,7.619435220608178
1226,7.269435220608177
1227,7.149435220608179
1228,6.009435220608179
1229,4.0877914120431456
1230,4.727791412043146
1231,4.617791412043147
1232,4.627791412043145
1233,3.947791412043145
1234,3.7977914120431464
1235,5.177791412043142
1236,5.57779141204314
1237,5.557791412043144
1238,5.787791412043141
1239,4.055924814950863
1240,4.425924814950861
1241,5.175924814950861
1242,5.265924814950864
1243,4.3459248149508625
1244,4.695924814950864
1245,4.745924814950861
1246,5.475924814950865
1247,6.015924814950864
1248,6.53592481495086
1249,6.394061290677541
1250,5.754061290677541
1251,5.904061290677539
1252,5.384061290677543
1253,5.004061290677541
1254,5.154061290677539
1255,4.1640612906775445
1256,4.394061290677541
1257,3.2340612906775448
1258,4.22406129067754
1259,4.488794288721294
1260,4.068794288721293
1261,4.548794288721297
1262,4.158794288721296
1263,3.388794288721293
1264,3.2687942887212955
1265,3.168794288721294
1266,2.1487942887212945
1267,2.088794288721296
1268,3.253418432109779
1269,2.9434184321097767
1270,4.021657478917735
1271,3.9016574789177376
1272,3.501657478917739
1273,3.9016574789177376
1274,1.751457478917736
1275,1.4916574789177375
1276,0.3716574789177365
1277,-0.17834252108226423
1278,-0.5783425210822628
1279,-0.13834252108226508
1280,4.213597737668415
1281,4.343597737668414
1282,4.963597737668415
1283,4.503597737668414
1284,4.423597737668416
1285,4.173597737668416
1286,4.223597737668413
1287,4.103597737668416
1288,3.683597737668414
1289,3.8435977376684143
1290,4.383597737668413
1291,-1.785881775086743
1292,-2.115881775086745
1293,-2.845981775086745
1294,-3.055881775086746
1295,-2.4558817750867448
1296,-1.9259817750867434
1297,-2.4758817750867443
1298,-2.1758817750867436
1299,-1.995881775086744
1300,-1.6799370029181837
1301,-2.329937002918186
1302,-2.339937002918184
1303,-2.999937002918184
1304,-2.659937002918184
1305,-1.5399370029181831
1306,-2.339937002918184
1307,-1.7799370029181851
1308,-1.7899370029181831
1309,-1.8199370029181843
1310,-4.371581826397257
1311,-4.881581826397255
1312,-5.021581826397256
1313,-4.551581826397257
1314,-3.4316818263972557
1315,-3.771581826397256
1316,-3.931581826397256
1317,-3.771581826397256
1318,-3.771581826397256
1319,-4.181581826397256
1320,-2.7824850076389396
1321,-2.5624850076389407
1322,-3.392485007638939
1323,-3.6124850076389414
1324,-3.42248500763894
1325,-2.722485007638941
1326,-2.4524850076389413
1327,-1.6724850076389401
1328,-1.2524850076389384
1329,-1.4224850076389401
1330,-0.22248500763894086
1331,2.6428118458932666
1332,0.6728118458932641
1333,-0.1671881541067357
1334,-0.5171881541067336
1335,-0.6371881541067346
1336,0.24281184589326443
1337,0.08281184589326429
1338,-0.07718815410673585
1339,0.5428118458932651
1340,0.05281184589326671
1341,0.11281184589326543
1342,3.0839721984308355
1343,3.6839721984308333
1344,3.473972198430836
1345,3.6239721984308346
1346,4.144072198430834
1347,3.6839721984308333
1348,3.1539721984308358
1349,2.4539721984308365
1350,1.943972198430835
1351,2.1639721984308338
1352,1.7439721984308356
1353,8.819485744936262
1354,8.55948574493626
1355,8.68948574493626
1356,8.699485744936261
1357,8.179485744936262
1358,7.68948574493626
1359,7.91948574493626
1360,8.679485744936262
1361,7.869485744936259
1362,8.089485744936262
1363,5.492899334568559
1364,4.7228993345685595
1365,5.842899334568557
1366,6.672899334568559
1367,6.532899334568558
1368,6.402899334568559
1369,6.062899334568559
1370,6.532899334568558
1371,5.832899334568559
1372,5.572899334568557
1373,4.000946171302733
1374,4.620946171302734
1375,4.020946171302732
1376,3.9009461713027314
1377,3.780946171302734
1378,3.1409461713027333
1379,2.1509461713027314
1380,2.250946171302733
1381,2.3009461713027335
1382,2.1209461713027338
1383,1.5009461713027328
1384,8.622023876719247
1385,8.422023876719248
1386,8.322023876719246
1387,9.322023876719246
1388,10.43202387671925
1389,10.39358000321381
1390,8.73358000321381
1391,8.51358000321381
1392,8.67358000321381
1393,9.30358000321381
1394,8.299761633710926
1395,9.019761633710925
1396,8.359761633710924
1397,8.969761633710924
1398,9.089761633710925
1399,8.540888648681335
1400,8.260888648681338
1401,8.100888648681337
1402,9.030888648681337
1403,9.840888648681336
1404,10.210888648681337
1405,10.950888648681335
1406,12.678112524179275
1407,12.898112524179277
1408,12.688112524179276
1409,12.688112524179276
1410,12.588112524179275
1411,12.468112524179277
1412,12.098112524179276
1413,12.068112524179275
1414,11.958112524179276
1415,12.618112524179276
1416,12.438112524179276
1417,12.478875784023383
1418,12.768875784023383
1419,13.148875784023385
1420,12.498875784023383
1421,12.308875784023385
1422,12.108875784023382
1423,11.558875784023385
1424,10.858875784023382
1425,11.328875784023385
1426,11.308875784023385
1427,13.333643626285811
1428,14.23364362628581
1429,14.51364362628581
1430,13.71364362628581
1431,12.883643626285808
1432,11.46364362628581
1433,12.153643626285811
1434,12.05364362628581
1435,12.293643626285808
1436,12.333643626285811
1437,9.014352984987514
1438,9.904352984987515
1439,10.694352984987514
1440,8.304352984987517
1441,9.984352984987517
1442,9.774352984987516
1443,9.544352984987515
1444,9.614352984987516
1445,8.204352984987516
1446,6.524352984987516
1447,6.304352984987517
1448,5.607600523431984
1449,4.807600523431983
1450,8.807600523431983
1451,7.407600523431984
1452,5.967600523431983
1453,7.497600523431984
1454,7.237600523431983
1455,8.027600523431982
1456,6.667600523431982
1457,4.837600523431984
1458,5.187151561548294
1459,2.5622859998732075
1460,1.7822859998732064
1461,3.702285999873208
1462,3.6022859998732066
1463,3.2322859998732056
1464,2.932285999873205
1465,3.2222859998732076
1466,4.132285999873208
1467,2.682285999873205
1468,1.4822859998732056
1469,2.1022859998732066
1470,1.9022859998732073
1471,-1.9152874601119123
1472,-2.815287460111911
1473,-1.8652874601119116
1474,-3.055287460111913
1475,-3.7952874601119113
1476,-3.4952874601119106
1477,-4.8252874601119125
1478,-5.5852874601119105
1479,-3.435287460111912
1480,-2.4252874601119103
1481,-0.05577047051541939
1482,0.4442295294845806
1483,0.17422952948458104
1484,-1.4357704705154184
1485,-0.8957704705154192
1486,-0.17577047051541683
1487,-0.9357704705154184
1488,-0.17577047051541683
1489,0.9642295294845837
1490,-0.11114210817606462
1491,-0.10114210817606661
1492,-1.2611421081760668
1493,-1.3511421081760666
1494,-1.671142108176067
1495,-0.6011421081760666
1496,-1.051142108176066
1497,-1.4111421081760653
1498,-1.591142108176065
1499,-1.5311421081760663
1500,-1.431142108176065
1501,-1.022315987727204
1502,-1.0623159877272066
1503,-1.2323159877272047
1504,-0.8523159877272057
1505,-0.7523159877272043
1506,0.1376840122727927
1507,0.327684012272794
1508,0.567684012272796
1509,-0.682315987727204
1510,-0.0723159877272046
1511,-0.672315987727206
1512,-2.3883277531565064
1513,-2.038327753156505
1514,-2.7683277531565054
1515,-2.618327753156507
1516,-2.1483277531565044
1517,-3.378327753156505
1518,-2.478327753156506
1519,-4.760644955250463
1520,-4.670644955250463
1521,-4.240644955250463
1522,-8.23131150539982
1523,-7.851311505399821
1524,-8.30131150539982
1525,-8.791311505399818
1526,-8.061311505399821
1527,-7.39131150539982
1528,-7.261311505399821
1529,-6.851311505399821
1530,-6.23131150539982
1531,-6.4513115053998185
1532,-3.710078278616109
1533,-3.300078278616109
1534,-3.250078278616108
1535,-3.42007827861611
1536,-4.42007827861611
1537,-4.390078278616109
1538,-4.60007827861611
1539,-4.51007827861611
1540,-5.300078278616109
1541,-5.340078278616108
1542,-8.755051274730008
1543,-9.295051274730007
1544,-9.56505127473001
1545,-9.92505127473001
1546,-9.835051274730008
1547,-9.595051274730007
1548,-10.445051274730009
1549,-10.435051274730009
1550,-10.565051274730008
1551,-7.889997283449208
1552,-7.259997283449209
1553,-7.359997283449207
1554,-7.71999728344921
1555,-8.119997283449209
1556,-7.46999728344921
1557,-7.409997283449208
1558,-7.229997283449208
1559,-7.30999728344921
1560,-6.03999728344921
1561,-10.456252436239172
1562,-10.506252436239173
1563,-9.556252436239173
1564,-10.256252436239173
1565,-10.906252436239171
1566,-10.01625243623917
1567,-9.076252436239173
1568,-9.096252436239173
1569,-9.636252436239172
1570,-9.62625243623917
1571,-9.62625243623917
1572,-9.19625243623917
1573,-8.0468699416076
1574,-8.126869941607602
1575,-8.3668699416076
1576,-8.886869941607603
1577,-7.9568699416076
1578,-8.516869941607602
1579,-9.106869941607602
1580,-8.746869941607603
1581,-8.9368699416076
1582,-8.768351346428883
1583,-3.9046341906566013
1584,-4.414634190656603
1585,-4.884634190656602
1586,-4.5646341906566015
1587,-4.5546341906566
1588,-4.574634190656603
1589,-4.6246341906566
1590,-5.024634190656602
1591,-5.024634190656602
1592,-5.494634190656601
1593,-5.3946341906566
1594,-2.979438156969781
1595,-2.409438156969781
1596,-2.5494381569697815
1597,-2.2394381569697828
1598,-2.0794381569697826
1599,-1.69943815696978
